100 3 0.25 1.25 100
0 106.0 82.9 7.4
1 18.0 62.8 5.1
2 86.6 44.9 1.9
3 62.0 75.6 3.2
4 27.7 48.2 9.7
5 59.9 101.3 5.4
6 95.8 56.9 9.5
7 102.7 23.6 3.9
8 66.6 101.7 6.4
9 55.6 67.8 4.4
10 102.1 59.3 5.8
11 103.2 65.6 6.0
12 32.1 15.6 0.9
13 10.7 86.2 7.9
14 103.6 107.5 4.3
15 96.2 25.9 0.4
16 95.9 19.0 5.9
17 46.2 31.9 6.7
18 21.2 50.5 1.6
19 98.1 69.0 8.7
20 38.9 46.8 2.8
21 108.9 38.6 3.5
22 31.4 22.9 3.4
23 106.9 43.7 8.3
24 17.6 25.9 9.8
25 27.7 65.2 2.0
26 47.6 85.1 6.1
27 45.1 91.9 9.0
28 23.3 85.4 1.9
29 76.5 46.7 9.5
30 50.3 23.5 0.6
31 31.2 70.7 4.7
32 56.1 23.2 5.4
33 51.1 99.5 5.0
34 109.7 68.2 0.7
35 15.4 84.5 2.8
36 84.2 14.9 8.7
37 21.5 103.5 2.9
38 99.8 38.0 3.3
39 62.2 72.5 6.4
40 11.5 97.9 0.6
41 66.8 32.6 2.2
42 50.6 73.0 2.5
43 16.5 50.5 1.1
44 25.7 16.6 0.9
45 54.5 56.3 5.6
46 33.8 63.2 4.7
47 34.6 52.3 0.4
48 46.6 61.6 2.1
49 71.7 83.4 4.6
50 31.1 32.4 7.2
51 18.3 68.4 3.7
52 50.2 88.9 7.3
53 68.1 69.2 6.0
54 79.9 87.8 6.9
55 32.2 28.7 10.0
56 86.2 51.7 4.8
57 20.7 60.6 7.7
58 44.8 93.3 2.3
59 42.3 25.6 9.3
60 64.5 30.3 2.7
61 78.8 97.2 6.3
62 10.9 77.4 4.9
63 57.9 25.5 8.3
64 29.6 95.0 3.5
65 99.3 43.7 6.9
66 46.0 33.4 2.5
67 12.1 64.4 0.7
68 97.6 84.1 4.9
69 31.1 73.5 6.4
70 28.7 22.8 2.5
71 65.8 75.0 7.3
72 74.9 34.3 4.1
73 58.8 76.0 0.0
74 89.5 40.5 5.6
75 67.5 41.9 8.3
76 32.3 45.7 2.3
77 64.3 109.3 4.3
78 60.8 50.7 9.0
79 56.5 32.7 2.9
80 56.3 16.6 7.8
81 15.3 70.6 4.8
82 83.9 54.4 0.1
83 40.5 100.5 7.5
84 48.0 32.6 2.9
85 42.0 105.6 2.0
86 69.2 96.2 7.5
87 34.5 105.5 7.3
88 93.7 44.2 5.0
89 109.1 29.0 3.8
90 56.4 71.1 3.8
91 94.1 52.7 4.3
92 76.7 16.9 4.5
93 43.7 78.1 8.5
94 72.1 39.1 3.9
95 27.9 91.7 6.1
96 54.7 89.0 1.9
97 28.7 71.5 5.5
98 30.8 109.5 4.1
99 23.3 76.9 6.1
