1000 3 0.10 150 2000
0 105.9 192.8 22.0
1 164.9 195.1 27.6
2 112.4 106.6 39.7
3 158.0 106.9 28.6
4 170.0 143.0 31.6
5 193.5 122.8 46.8
6 119.5 176.6 1.4
7 122.4 171.5 43.1
8 155.7 134.3 3.1
9 171.8 123.4 96.4
10 140.7 128.4 23.2
11 155.9 183.8 41.1
12 139.9 199.3 98.7
13 182.1 193.1 10.1
14 159.7 107.5 29.1
15 154.4 101.8 59.6
16 127.4 125.1 3.2
17 184.0 161.7 20.5
18 160.7 164.6 6.6
19 186.9 175.2 30.5
20 130.5 102.3 11.9
21 136.7 165.3 30.6
22 152.1 172.6 93.2
23 122.5 100.6 1.7
24 141.7 193.7 65.5
25 183.6 127.4 56.3
26 176.2 184.9 38.6
27 132.4 153.8 28.3
28 198.3 128.9 1.0
29 186.2 197.3 99.7
30 126.6 169.9 38.7
31 175.4 170.3 18.2
32 183.9 186.9 42.3
33 139.0 141.4 62.7
34 146.1 106.2 88.1
35 126.5 196.7 65.3
36 164.6 174.5 2.6
37 151.5 134.6 59.1
38 125.6 171.8 49.2
39 158.7 184.5 56.5
40 106.9 160.8 18.8
41 131.2 149.3 36.7
42 177.4 113.0 83.8
43 135.4 147.5 85.3
44 174.0 176.2 91.4
45 152.1 187.7 66.8
46 103.5 126.7 43.5
47 125.5 156.6 57.2
48 146.7 135.9 50.9
49 142.4 155.6 11.4
50 131.4 139.8 67.6
51 198.7 191.0 21.3
52 166.7 198.0 23.0
53 176.9 123.0 27.2
54 139.3 122.4 83.9
55 109.9 120.8 11.5
56 149.5 113.3 14.3
57 107.3 170.1 16.4
58 142.1 115.8 59.4
59 134.5 140.1 33.8
60 161.7 179.2 90.1
61 116.0 164.6 82.5
62 160.8 112.6 98.6
63 161.6 125.0 81.1
64 112.4 154.2 67.0
65 126.6 166.8 1.3
66 146.7 172.1 35.1
67 105.6 135.7 12.6
68 153.5 144.8 90.9
69 156.1 110.4 66.9
70 182.0 105.1 14.8
71 145.0 137.1 80.7
72 136.3 122.0 23.8
73 143.3 155.4 20.6
74 129.5 112.5 16.4
75 148.9 158.4 40.0
76 121.6 178.6 9.7
77 137.3 159.5 23.7
78 152.4 113.4 6.1
79 199.0 163.3 23.0
80 190.5 185.9 43.2
81 181.2 165.6 82.2
82 177.1 144.9 74.2
83 167.6 153.7 17.1
84 151.2 158.5 10.5
85 173.8 152.2 84.3
86 119.3 170.1 50.5
87 160.5 178.5 26.1
88 190.9 188.3 27.2
89 146.3 143.0 58.0
90 147.3 176.9 43.4
91 184.8 168.5 52.5
92 167.6 155.0 42.6
93 135.6 123.1 10.4
94 102.4 103.4 2.7
95 149.7 170.4 83.1
96 190.2 174.1 33.6
97 190.4 158.6 56.6
98 149.8 172.9 50.4
99 161.0 101.1 13.4
100 182.8 191.3 59.4
101 193.8 166.1 97.8
102 181.0 175.1 77.6
103 118.0 194.7 95.0
104 180.6 182.1 0.0
105 137.1 130.0 58.9
106 139.5 174.2 54.0
107 172.7 163.3 39.5
108 154.2 166.7 48.7
109 128.2 112.4 43.5
110 193.2 182.6 47.1
111 159.1 144.0 65.3
112 108.9 199.4 81.7
113 170.7 155.5 16.6
114 122.3 181.2 97.7
115 154.9 154.6 18.9
116 156.3 141.7 76.4
117 196.6 120.4 74.9
118 148.5 122.2 48.9
119 181.5 128.1 57.6
120 104.4 178.5 0.5
121 187.3 160.7 12.2
122 173.6 198.6 75.0
123 104.9 149.8 26.6
124 164.3 186.7 42.5
125 167.9 178.5 41.7
126 152.3 114.9 7.8
127 144.2 167.8 15.3
128 119.0 116.3 7.6
129 108.4 157.1 82.3
130 169.2 142.6 6.9
131 149.3 198.5 26.5
132 151.4 192.0 49.1
133 116.7 120.6 70.1
134 142.8 195.9 70.2
135 155.0 100.6 44.4
136 180.0 196.1 57.7
137 157.2 114.1 3.1
138 128.3 111.1 32.8
139 173.2 137.0 34.0
140 196.7 141.0 81.3
141 180.5 153.7 79.6
142 140.6 164.9 50.1
143 130.6 199.1 57.9
144 155.4 191.6 96.0
145 197.0 142.4 38.6
146 169.9 115.5 12.5
147 112.3 113.1 43.0
148 107.6 145.9 0.8
149 180.1 197.9 62.4
150 111.2 100.4 88.3
151 120.2 101.8 83.8
152 131.6 134.0 58.3
153 132.8 191.0 50.7
154 180.7 176.5 41.9
155 106.5 123.1 14.2
156 153.2 145.3 51.9
157 101.8 139.5 25.0
158 139.3 135.7 24.0
159 190.4 156.5 34.5
160 103.5 141.3 82.9
161 174.6 156.0 72.9
162 196.4 180.9 80.6
163 117.6 161.4 26.1
164 111.3 165.6 79.0
165 142.2 195.9 92.6
166 115.8 197.3 78.3
167 173.7 176.2 39.5
168 177.5 109.6 35.0
169 163.8 102.1 45.3
170 194.5 101.6 91.9
171 107.9 182.8 89.2
172 126.9 143.0 58.6
173 115.8 193.7 76.1
174 137.6 106.4 51.4
175 179.1 107.2 40.4
176 186.3 168.3 43.9
177 161.7 196.2 12.8
178 100.5 180.3 96.1
179 182.3 177.0 21.8
180 183.8 109.9 41.9
181 124.8 158.5 1.0
182 119.9 142.5 31.1
183 164.8 110.3 48.1
184 117.2 195.9 53.0
185 100.8 154.8 85.9
186 106.5 172.1 35.0
187 192.5 155.5 88.6
188 188.8 142.4 10.8
189 191.7 118.1 99.6
190 120.4 169.6 14.1
191 174.0 154.3 62.9
192 151.9 200.0 81.2
193 198.4 101.9 63.4
194 101.5 153.1 50.4
195 103.8 151.5 2.1
196 168.0 171.2 46.5
197 153.9 117.2 64.9
198 176.5 124.6 40.8
199 132.7 121.0 56.6
200 119.4 158.9 98.3
201 132.8 141.3 18.1
202 115.0 190.2 73.7
203 124.7 131.9 86.4
204 175.9 154.4 10.0
205 121.4 145.8 67.6
206 155.3 168.8 40.8
207 110.7 124.7 18.0
208 161.2 125.7 11.4
209 182.1 140.3 44.8
210 173.3 173.8 29.0
211 198.0 121.9 2.7
212 116.7 113.3 35.9
213 196.9 178.8 35.7
214 115.2 101.6 92.5
215 144.2 142.3 59.7
216 109.0 195.5 64.9
217 124.9 126.0 70.9
218 166.9 112.3 48.2
219 155.9 142.3 39.0
220 178.5 130.1 37.8
221 157.5 129.2 95.5
222 180.7 136.2 94.5
223 121.4 156.6 88.5
224 175.2 134.2 52.6
225 104.8 194.5 29.5
226 132.4 190.0 98.7
227 136.2 158.5 60.1
228 179.6 108.8 26.9
229 100.4 112.8 76.9
230 129.8 138.9 49.6
231 131.0 112.9 37.6
232 155.1 170.6 42.2
233 155.7 132.5 94.8
234 145.1 186.6 23.8
235 162.0 143.6 22.4
236 127.8 197.9 42.9
237 150.1 126.7 79.4
238 192.9 129.7 60.8
239 172.1 186.6 61.4
240 142.7 150.9 12.4
241 191.0 150.9 80.3
242 125.2 159.6 95.2
243 183.1 151.9 49.3
244 191.2 176.4 97.3
245 127.9 138.8 1.6
246 165.8 146.5 41.2
247 127.6 164.3 93.2
248 158.0 155.0 2.6
249 154.6 131.8 99.2
250 156.1 189.9 78.5
251 180.7 106.9 70.1
252 183.1 101.4 29.2
253 184.8 191.0 33.4
254 133.6 170.8 34.5
255 199.9 137.4 65.0
256 187.6 176.1 75.1
257 134.6 186.8 87.4
258 115.3 188.4 10.7
259 133.9 100.6 21.3
260 157.8 118.8 73.7
261 196.5 114.1 9.6
262 108.2 116.8 49.8
263 108.4 107.7 89.9
264 137.1 162.4 89.2
265 139.6 129.2 89.4
266 117.7 166.2 90.6
267 149.1 105.3 10.0
268 119.9 136.6 42.7
269 120.2 156.0 27.3
270 177.7 182.0 7.5
271 150.7 105.6 7.0
272 196.6 121.6 89.2
273 137.0 157.6 6.1
274 171.5 167.3 81.4
275 152.0 198.8 40.5
276 145.5 160.0 18.6
277 115.2 121.3 25.0
278 168.5 161.7 98.7
279 125.3 121.5 88.9
280 118.2 187.3 2.9
281 154.6 152.4 5.0
282 146.3 163.1 26.0
283 141.3 100.9 2.4
284 116.6 189.7 59.6
285 125.0 124.7 24.3
286 120.4 124.3 56.4
287 117.0 148.6 11.5
288 106.5 148.7 54.9
289 144.1 184.8 94.1
290 154.5 110.3 74.9
291 106.4 123.6 22.4
292 167.2 182.5 18.4
293 122.1 155.7 34.1
294 172.7 150.5 39.6
295 145.2 139.2 86.7
296 121.1 142.3 90.2
297 107.1 138.3 56.5
298 144.3 170.2 26.0
299 105.8 132.7 77.3
300 142.6 174.3 73.2
301 115.8 156.5 17.9
302 165.0 134.5 29.8
303 174.6 172.7 56.8
304 191.9 105.8 11.9
305 184.2 142.9 49.3
306 105.5 191.6 77.7
307 109.5 122.8 70.9
308 170.6 165.4 70.5
309 121.8 112.6 22.5
310 148.4 147.2 39.9
311 187.7 136.7 52.7
312 146.9 195.7 30.6
313 105.5 121.2 63.4
314 187.9 155.8 94.2
315 102.9 104.0 71.9
316 145.7 169.1 81.8
317 194.8 154.8 70.1
318 110.5 163.0 35.9
319 121.0 120.2 12.9
320 152.4 165.6 26.5
321 105.2 147.6 47.0
322 132.4 183.5 82.8
323 154.1 101.9 15.8
324 125.5 121.5 71.0
325 123.1 175.2 12.6
326 112.5 148.0 70.4
327 162.4 119.6 66.6
328 165.8 108.9 24.1
329 196.7 119.7 91.3
330 114.2 105.2 84.7
331 142.5 169.6 68.2
332 139.5 155.3 76.0
333 186.7 154.3 48.3
334 138.6 111.3 29.9
335 112.3 157.0 78.6
336 100.6 162.6 79.1
337 112.3 142.6 77.8
338 198.6 193.4 77.2
339 151.3 112.2 50.7
340 111.0 134.8 1.9
341 176.4 101.7 1.4
342 158.5 118.8 92.7
343 106.3 111.1 56.2
344 104.4 174.1 78.6
345 103.6 124.7 89.7
346 109.3 157.5 89.3
347 121.2 123.8 30.2
348 190.7 154.3 26.5
349 176.8 108.7 63.3
350 101.7 169.2 1.6
351 100.9 160.4 19.6
352 148.9 130.9 52.2
353 105.5 187.5 84.4
354 109.5 101.6 29.3
355 167.8 137.7 69.7
356 103.5 198.2 19.1
357 111.0 113.4 97.6
358 144.5 132.8 46.7
359 121.6 139.1 34.2
360 133.1 151.6 97.7
361 162.4 186.5 29.4
362 195.1 143.6 24.9
363 160.3 187.7 42.0
364 107.2 164.7 71.1
365 148.1 178.3 6.4
366 110.1 152.5 62.9
367 173.1 105.9 5.5
368 197.8 141.3 17.3
369 116.8 145.4 0.0
370 100.5 198.7 76.3
371 163.6 183.3 5.7
372 164.0 150.9 39.6
373 173.0 181.2 59.6
374 180.1 107.8 38.1
375 112.9 124.1 36.5
376 154.0 107.4 67.9
377 160.5 102.5 40.1
378 117.2 123.4 21.0
379 142.6 196.4 44.5
380 124.8 100.6 2.8
381 119.0 117.2 87.0
382 119.7 140.6 35.3
383 186.3 155.5 47.7
384 122.8 139.3 22.8
385 148.2 170.0 85.1
386 124.4 123.5 12.0
387 129.1 161.5 67.6
388 125.4 115.7 28.9
389 162.6 114.2 32.4
390 114.2 144.0 26.0
391 124.9 166.1 59.3
392 188.1 150.5 46.3
393 173.7 104.8 47.5
394 132.5 123.5 7.5
395 150.7 187.1 73.8
396 195.4 128.3 56.6
397 180.9 160.9 70.4
398 119.3 113.6 37.3
399 106.9 144.6 36.5
400 162.0 182.1 81.1
401 108.6 193.4 65.2
402 138.9 199.6 74.2
403 123.1 180.6 77.6
404 180.2 136.9 88.7
405 171.6 146.5 85.6
406 122.5 161.1 10.3
407 180.0 132.9 96.6
408 162.5 170.7 47.8
409 103.7 147.5 11.4
410 196.4 174.3 1.9
411 104.0 185.8 97.8
412 174.2 104.1 97.7
413 135.3 113.9 14.8
414 118.3 190.4 72.0
415 147.4 169.9 79.0
416 103.8 176.4 56.8
417 152.1 113.5 68.4
418 194.0 173.9 31.9
419 110.1 131.8 8.9
420 168.1 117.5 44.3
421 120.7 124.7 50.8
422 194.9 136.3 19.1
423 115.3 147.0 77.7
424 198.8 175.9 33.1
425 115.8 194.0 62.6
426 150.3 148.2 96.9
427 196.2 195.7 54.4
428 107.2 112.2 8.5
429 131.8 137.2 9.4
430 134.1 165.7 14.5
431 104.1 176.6 36.1
432 174.4 115.8 53.4
433 114.5 181.6 62.8
434 119.6 153.4 73.4
435 197.5 176.9 23.3
436 163.3 156.8 32.3
437 197.6 196.1 58.7
438 123.2 141.3 96.5
439 120.8 173.2 4.8
440 199.5 129.9 95.6
441 176.3 105.3 40.9
442 109.6 196.6 47.8
443 133.1 184.1 88.5
444 118.5 101.4 76.4
445 105.0 135.7 11.2
446 179.6 147.7 99.7
447 194.9 146.2 60.7
448 125.0 118.2 1.2
449 151.7 189.7 94.3
450 113.0 143.2 93.2
451 173.5 135.4 8.4
452 162.0 187.9 87.7
453 193.6 195.1 77.3
454 188.2 180.1 89.8
455 176.3 106.3 90.4
456 136.5 189.2 49.5
457 189.7 126.5 32.3
458 150.5 187.2 60.3
459 169.7 170.0 90.1
460 198.4 123.3 81.1
461 112.8 145.8 83.0
462 150.7 195.6 9.3
463 196.0 183.6 34.5
464 119.6 163.7 45.0
465 176.6 158.3 23.5
466 126.5 183.4 79.8
467 144.7 172.8 15.6
468 170.1 115.2 31.9
469 142.0 131.8 48.7
470 147.8 126.6 37.1
471 189.1 158.5 95.1
472 137.8 141.5 16.8
473 136.8 175.1 6.6
474 197.9 142.2 77.7
475 148.1 111.6 30.9
476 190.3 169.6 82.2
477 173.1 122.7 30.9
478 113.7 157.1 59.7
479 180.3 105.1 5.9
480 122.5 131.4 31.0
481 197.0 123.5 63.6
482 154.6 187.2 3.0
483 172.9 187.1 96.8
484 190.4 151.8 59.5
485 155.1 178.7 27.0
486 123.8 161.6 55.0
487 131.8 146.8 64.5
488 175.6 142.2 15.0
489 111.8 127.9 55.0
490 113.0 175.2 68.3
491 134.6 194.1 2.7
492 178.4 109.3 6.8
493 101.8 128.3 41.6
494 193.2 105.8 89.3
495 154.2 125.3 27.4
496 185.4 137.7 94.9
497 152.8 124.8 18.0
498 121.8 178.2 1.9
499 113.4 197.2 42.8
500 110.5 157.2 26.7
501 161.7 158.5 15.9
502 189.9 110.8 25.7
503 179.3 180.7 67.3
504 153.5 152.7 44.8
505 159.7 109.0 27.2
506 180.4 128.9 13.5
507 157.8 116.8 54.5
508 175.2 126.6 36.7
509 150.2 118.1 19.8
510 158.9 178.8 46.1
511 195.7 145.3 93.1
512 135.5 173.2 49.2
513 153.8 192.6 17.5
514 169.9 127.6 71.7
515 152.1 129.7 20.1
516 189.8 174.7 38.1
517 144.8 131.8 5.7
518 159.3 182.2 84.9
519 146.7 149.4 32.4
520 193.7 177.4 77.2
521 114.2 176.8 69.6
522 196.1 112.6 94.5
523 145.3 180.7 30.0
524 109.3 158.2 96.2
525 142.3 129.3 25.9
526 113.9 114.2 75.4
527 191.2 139.6 76.3
528 162.5 140.5 70.4
529 116.7 135.6 58.0
530 145.6 192.2 51.7
531 143.0 107.1 9.0
532 147.6 168.8 34.4
533 178.9 184.2 11.4
534 171.6 103.3 9.0
535 126.5 109.6 86.7
536 125.4 101.3 41.4
537 134.8 112.2 61.9
538 154.4 139.8 80.5
539 161.8 176.1 5.0
540 112.2 130.9 39.4
541 112.6 167.9 13.8
542 181.6 188.7 6.6
543 173.7 143.8 66.6
544 106.3 191.6 87.0
545 103.3 128.2 37.9
546 188.1 151.5 12.7
547 145.8 134.5 40.3
548 149.9 162.7 80.1
549 167.8 114.1 9.8
550 180.8 159.2 2.7
551 126.3 172.9 92.2
552 171.4 127.8 12.0
553 144.6 105.1 55.6
554 136.0 165.6 15.6
555 146.4 170.2 25.1
556 106.5 198.9 37.9
557 143.3 196.6 67.6
558 193.3 154.7 41.6
559 159.9 142.4 8.1
560 144.7 165.4 66.7
561 157.4 198.2 95.8
562 116.4 145.4 44.3
563 163.4 187.7 33.6
564 197.6 176.2 50.7
565 181.7 120.0 76.9
566 142.7 129.3 86.6
567 106.2 193.3 84.1
568 136.0 115.7 96.5
569 167.7 143.0 10.7
570 195.1 124.0 6.9
571 150.1 194.3 43.1
572 193.1 181.5 68.1
573 102.1 121.8 39.9
574 176.2 178.2 41.6
575 187.8 155.7 36.1
576 180.5 125.1 3.9
577 142.6 114.3 47.4
578 116.7 111.7 42.5
579 179.4 100.5 34.6
580 113.4 162.6 20.3
581 194.9 188.1 26.1
582 102.2 125.6 84.7
583 116.5 154.5 7.7
584 192.4 117.1 23.1
585 166.5 197.7 33.4
586 147.2 165.9 11.4
587 173.4 131.5 56.7
588 138.6 100.7 98.7
589 179.4 181.3 88.8
590 140.0 176.3 15.0
591 154.0 127.9 15.5
592 129.3 196.1 7.2
593 179.6 173.5 24.0
594 130.4 123.5 97.6
595 195.3 152.2 52.1
596 129.8 146.6 49.3
597 123.5 180.0 44.7
598 181.3 129.5 11.6
599 134.8 157.9 56.2
600 170.4 114.8 27.9
601 179.5 113.1 13.9
602 156.2 196.0 24.2
603 103.5 104.1 45.7
604 163.1 118.3 78.4
605 126.2 132.1 15.6
606 165.3 154.5 4.8
607 151.7 114.1 77.2
608 106.7 103.0 87.2
609 184.1 188.4 9.2
610 141.2 126.7 81.0
611 168.6 155.1 96.1
612 176.2 161.7 71.5
613 162.6 119.8 32.4
614 165.8 129.8 60.4
615 104.0 109.4 8.2
616 143.6 159.7 42.6
617 158.6 192.7 63.6
618 122.2 110.8 65.0
619 152.3 161.3 9.5
620 127.3 173.7 23.4
621 191.1 137.4 2.2
622 190.6 144.2 75.9
623 107.7 168.3 56.8
624 116.3 107.2 43.5
625 103.8 175.1 76.4
626 162.4 177.7 33.1
627 149.8 142.0 15.2
628 166.6 187.7 82.1
629 123.7 181.7 37.8
630 193.7 160.1 89.9
631 169.2 107.7 65.2
632 117.2 108.3 81.7
633 107.0 187.0 52.7
634 169.2 135.8 66.9
635 193.4 166.4 4.9
636 120.4 121.5 4.5
637 158.1 154.5 48.8
638 199.8 140.3 3.0
639 120.2 130.4 30.9
640 136.6 144.9 52.7
641 156.1 140.6 26.9
642 125.1 180.5 50.8
643 120.0 153.7 33.6
644 187.2 188.1 24.8
645 172.7 177.9 96.8
646 141.9 136.0 12.3
647 115.9 131.0 88.8
648 115.1 160.4 30.5
649 115.8 181.2 47.7
650 131.8 163.3 62.5
651 199.9 184.7 83.3
652 147.3 168.6 35.1
653 184.1 122.1 11.3
654 110.0 138.7 57.7
655 196.0 114.0 55.8
656 109.0 163.9 55.3
657 165.9 170.2 26.8
658 165.1 124.8 75.1
659 128.7 126.6 89.3
660 183.7 147.8 79.3
661 167.0 145.6 69.6
662 114.2 193.1 80.7
663 106.9 125.0 38.8
664 167.9 196.5 32.2
665 102.6 182.4 48.9
666 143.8 189.4 72.6
667 181.7 170.3 28.6
668 116.3 112.1 58.4
669 136.4 147.8 38.4
670 158.6 173.9 96.2
671 188.3 193.9 4.0
672 125.0 161.4 43.9
673 102.5 114.7 45.0
674 110.4 122.8 78.1
675 130.8 179.9 71.2
676 148.7 110.4 49.2
677 193.0 134.6 78.2
678 128.7 124.0 76.3
679 120.2 190.5 10.0
680 199.9 115.0 75.3
681 148.2 107.5 27.9
682 124.7 151.9 93.1
683 123.4 154.6 94.0
684 126.5 176.6 35.0
685 130.1 195.8 10.0
686 191.1 156.1 46.8
687 134.2 193.5 2.2
688 113.9 121.7 50.3
689 117.6 178.7 90.2
690 169.2 147.3 51.0
691 124.5 103.6 56.7
692 109.6 115.8 49.0
693 103.9 195.2 44.3
694 105.3 116.1 96.3
695 186.1 170.5 70.4
696 117.2 170.3 81.6
697 134.4 170.3 64.9
698 167.9 168.0 82.3
699 121.1 133.0 40.3
700 155.4 151.7 30.3
701 165.7 173.9 73.6
702 148.5 109.3 97.4
703 191.9 172.2 68.8
704 130.0 153.4 32.9
705 182.6 107.3 48.6
706 116.9 168.9 91.7
707 188.7 145.5 49.0
708 115.8 137.8 92.0
709 156.8 165.1 26.2
710 153.0 189.1 41.1
711 125.3 137.8 98.2
712 194.4 109.6 93.2
713 181.6 169.2 86.7
714 127.8 171.0 49.1
715 120.7 152.5 72.9
716 146.0 129.7 2.2
717 166.3 121.8 82.9
718 155.0 108.2 82.9
719 178.5 113.3 51.1
720 140.4 127.1 64.4
721 126.1 174.0 21.7
722 183.8 193.4 91.7
723 120.4 198.9 15.0
724 126.2 121.3 77.5
725 150.6 157.3 56.8
726 157.6 132.3 2.1
727 185.6 182.7 19.2
728 163.0 111.1 60.4
729 186.1 174.6 3.7
730 107.6 148.6 39.8
731 154.8 199.7 79.3
732 195.1 142.6 88.5
733 115.8 197.8 34.5
734 104.9 116.1 72.8
735 107.4 111.0 63.2
736 112.6 112.8 19.4
737 171.5 168.1 63.3
738 142.6 199.7 24.0
739 172.2 190.1 22.4
740 196.9 120.2 78.6
741 163.0 147.5 80.8
742 169.2 142.3 48.7
743 180.2 100.4 45.1
744 198.0 121.0 28.8
745 157.6 116.7 47.5
746 146.3 180.2 26.0
747 180.5 187.6 66.9
748 139.9 100.3 94.3
749 195.5 166.8 5.5
750 150.8 122.4 58.8
751 125.8 158.3 23.2
752 101.4 117.2 61.7
753 174.3 182.3 17.4
754 195.9 176.9 30.7
755 189.9 166.2 77.5
756 168.4 134.5 29.3
757 188.6 161.7 92.4
758 189.8 160.5 16.5
759 124.7 178.4 9.8
760 106.1 191.2 27.1
761 156.9 172.5 8.8
762 106.8 174.1 92.1
763 116.7 143.8 0.2
764 146.2 127.5 79.6
765 122.3 187.5 91.5
766 190.8 179.6 41.8
767 152.0 134.1 90.9
768 137.1 121.6 31.7
769 159.9 100.0 55.4
770 163.6 161.8 10.3
771 150.1 181.9 62.6
772 153.5 148.1 12.4
773 176.0 163.4 72.7
774 160.3 110.3 94.3
775 174.8 184.2 8.2
776 113.1 116.8 54.6
777 133.2 153.8 74.3
778 163.2 105.2 22.5
779 181.8 197.4 38.5
780 195.5 101.7 46.7
781 186.0 100.4 43.5
782 156.0 141.6 20.2
783 113.3 191.3 5.0
784 112.5 119.4 34.3
785 160.8 183.1 13.8
786 170.7 177.0 5.1
787 197.5 187.6 73.4
788 124.3 166.2 46.8
789 165.4 141.5 27.3
790 148.8 135.1 11.4
791 163.6 152.6 32.6
792 150.8 173.3 68.5
793 161.8 194.2 64.5
794 188.0 152.6 89.4
795 131.2 166.9 73.4
796 172.6 190.0 28.0
797 186.6 114.5 5.8
798 197.8 100.6 76.7
799 183.2 143.5 21.0
800 170.8 153.0 26.0
801 154.2 159.1 31.8
802 134.3 167.4 89.0
803 182.3 116.7 56.5
804 100.3 152.7 75.1
805 126.1 197.3 23.4
806 137.2 135.3 25.9
807 139.3 173.2 10.8
808 145.3 154.8 71.5
809 181.2 137.2 71.5
810 139.9 136.9 40.2
811 194.5 147.5 66.0
812 153.2 187.5 73.1
813 172.0 195.5 53.5
814 175.8 124.7 66.2
815 119.1 153.2 48.4
816 192.7 152.0 2.6
817 199.7 109.0 88.3
818 151.6 138.8 54.8
819 198.0 173.2 47.1
820 135.1 167.8 50.8
821 193.9 132.7 28.0
822 109.5 106.2 11.4
823 102.8 178.2 43.4
824 104.1 110.8 99.4
825 131.2 123.1 95.8
826 151.3 158.0 85.0
827 113.4 198.6 84.9
828 191.3 154.2 36.5
829 175.5 153.0 29.5
830 145.2 195.6 3.1
831 199.4 119.1 88.4
832 184.2 170.4 86.6
833 176.3 154.5 40.0
834 187.0 194.3 1.7
835 118.8 118.9 6.3
836 104.9 105.6 26.3
837 109.0 136.9 44.8
838 138.8 175.3 45.0
839 144.8 129.4 41.4
840 103.6 184.0 8.3
841 189.9 176.9 84.4
842 115.8 132.1 84.1
843 179.0 131.5 43.2
844 106.5 152.4 65.2
845 153.1 128.1 82.6
846 144.0 145.9 49.0
847 161.7 163.3 71.1
848 164.0 123.9 14.9
849 120.6 145.8 58.6
850 160.0 172.8 22.9
851 137.1 161.2 58.8
852 195.1 131.4 40.1
853 152.8 174.5 52.0
854 175.0 139.6 94.5
855 183.6 106.4 63.8
856 176.5 147.8 62.7
857 111.5 195.6 68.1
858 175.4 129.8 35.4
859 169.2 196.8 36.4
860 172.2 184.7 86.0
861 121.4 180.7 4.7
862 180.8 196.7 99.8
863 139.6 119.2 93.5
864 151.0 128.0 26.0
865 163.8 148.6 68.2
866 132.3 185.9 93.1
867 100.8 140.7 30.2
868 188.3 119.3 4.1
869 186.1 172.9 39.5
870 132.4 103.7 6.0
871 102.7 193.1 54.6
872 199.7 143.6 22.1
873 163.4 135.9 98.9
874 108.5 113.2 62.1
875 186.3 171.5 79.6
876 102.1 131.1 93.0
877 194.7 177.2 68.6
878 122.2 195.0 73.7
879 100.5 118.7 56.5
880 151.7 134.6 47.8
881 169.1 132.2 83.2
882 195.5 155.5 55.8
883 151.0 118.2 84.6
884 151.7 189.7 91.6
885 186.2 109.4 47.0
886 176.7 116.6 91.6
887 188.0 166.4 81.0
888 181.3 118.7 29.4
889 164.2 101.5 87.6
890 116.9 173.3 0.0
891 194.8 147.3 45.1
892 138.7 186.9 35.3
893 122.6 178.0 64.8
894 180.3 151.6 98.5
895 183.3 180.0 2.5
896 147.8 170.6 84.8
897 169.8 156.6 45.2
898 158.8 151.3 11.0
899 159.5 162.6 61.9
900 124.5 146.8 24.3
901 184.4 199.3 0.8
902 113.2 109.6 16.6
903 165.5 182.6 70.3
904 148.6 163.5 97.9
905 121.1 130.5 41.3
906 113.6 168.0 85.3
907 158.2 117.3 0.2
908 139.8 199.5 4.4
909 127.6 125.0 39.8
910 100.2 177.7 98.8
911 135.4 194.8 53.3
912 183.9 174.2 5.9
913 106.2 160.3 61.2
914 135.9 128.5 2.7
915 166.4 138.5 15.8
916 105.5 116.1 60.3
917 103.9 182.8 51.7
918 173.7 134.0 87.0
919 138.5 165.7 47.8
920 135.1 149.0 98.9
921 167.0 183.4 0.9
922 110.4 159.2 41.6
923 177.2 164.2 44.0
924 167.0 106.8 21.6
925 142.7 128.9 33.3
926 147.6 123.6 84.1
927 150.7 116.0 47.1
928 154.6 133.6 31.7
929 163.3 147.2 40.4
930 133.2 165.1 6.4
931 117.3 193.2 50.6
932 140.6 181.7 81.1
933 196.7 113.1 12.5
934 104.6 197.9 37.4
935 125.8 194.4 74.1
936 168.5 164.4 49.1
937 198.4 130.0 78.7
938 105.0 150.2 68.0
939 126.9 147.1 45.7
940 172.5 173.8 25.7
941 148.5 156.9 15.4
942 196.0 115.2 35.7
943 106.8 145.2 76.2
944 192.2 123.5 22.1
945 108.4 175.1 32.3
946 136.9 199.5 16.3
947 101.0 144.7 59.5
948 110.2 124.4 79.5
949 181.4 143.3 95.3
950 153.7 104.5 18.0
951 198.3 189.8 82.7
952 157.7 154.6 98.3
953 112.8 137.3 95.6
954 168.9 123.8 26.0
955 194.1 189.6 81.5
956 186.7 131.0 60.1
957 111.2 120.1 24.6
958 114.6 191.8 94.7
959 102.6 119.8 24.6
960 154.3 143.1 63.6
961 128.5 142.0 63.8
962 100.5 167.7 33.4
963 186.9 169.1 61.3
964 116.8 158.3 46.7
965 181.1 114.5 49.1
966 158.2 188.9 82.3
967 117.2 103.0 17.3
968 180.7 157.5 16.9
969 146.1 156.7 18.8
970 134.6 179.0 27.5
971 115.3 167.0 72.4
972 106.1 111.0 61.0
973 119.5 161.2 4.9
974 155.6 144.1 49.1
975 195.8 101.3 5.2
976 111.0 153.7 57.2
977 168.0 174.8 76.9
978 132.6 141.4 52.2
979 162.7 187.8 38.4
980 172.6 169.2 60.4
981 159.9 142.7 97.5
982 132.1 156.2 74.8
983 171.1 102.3 69.6
984 171.9 141.9 83.2
985 110.2 112.0 99.5
986 183.3 169.2 22.0
987 113.7 193.9 21.7
988 180.4 186.7 44.1
989 122.9 141.7 43.6
990 141.6 150.8 21.6
991 140.4 162.0 97.9
992 132.9 115.8 5.4
993 165.7 115.8 66.1
994 183.8 165.0 49.1
995 171.6 155.2 74.4
996 186.6 151.4 71.6
997 161.5 106.8 75.7
998 153.7 118.6 18.2
999 113.7 161.1 16.7
